48
10
49
10
52
10
57
10
49
54
10
50
53
10
51
54
10
52
57
10
54
52
10
56
49
10
49
48
48
10
49
50
49
10
49
52
52
10
49
54
57
10
49
57
54
10
50
50
53
10
50
53
54
10
50
56
57
10
51
50
52
10
51
54
49
10
52
48
48
10
52
52
49
10
52
56
52
10
53
50
57
10
53
55
54
10
54
50
53
10
54
55
54
10
55
50
57
10
55
56
52
10
56
52
49
10
57
48
48
10
57
54
49
10
49
48
50
52
10
49
48
56
57
10
49
49
53
54
10
49
50
50
53
10
49
50
57
54
10
49
51
54
57
10
49
52
52
52
10
49
53
50
49
10
49
54
48
48
10
49
54
56
49
10
49
55
54
52
10
49
56
52
57
10
49
57
51
54
10
50
48
50
53
10
50
49
49
54
10
50
50
48
57
10
50
51
48
52
10
50
52
48
49
10
50
53
48
48
10
50
54
48
49
10
50
55
48
52
10
50
56
48
57
10
50
57
49
54
10
51
48
50
53
10
51
49
51
54
10
51
50
52
57
10
51
51
54
52
10
51
52
56
49
10
51
54
48
48
10
51
55
50
49
10
51
56
52
52
10
51
57
54
57
10
52
48
57
54
10
52
50
50
53
10
52
51
53
54
10
52
52
56
57
10
52
54
50
52
10
52
55
54
49
10
52
57
48
48
10
53
48
52
49
10
53
49
56
52
10
53
51
50
57
10
53
52
55
54
10
53
54
50
53
10
53
55
55
54
10
53
57
50
57
10
54
48
56
52
10
54
50
52
49
10
54
52
48
48
10
54
53
54
49
10
54
55
50
52
10
54
56
56
57
10
55
48
53
54
10
55
50
50
53
10
55
51
57
54
10
55
53
54
57
10
55
55
52
52
10
55
57
50
49
10
56
49
48
48
10
56
50
56
49
10
56
52
54
52
10
56
54
52
57
10
56
56
51
54
10
57
48
50
53
10
57
50
49
54
10
57
52
48
57
10
57
54
48
52
10
57
56
48
49
10
49
48
48
48
48
10


Memory Dump:
0 203 0 0 0 0 2 1 0 1 1 0 0 9 0 2 1 0 0 1 0 1 1 0 0 0 0 0 0 0 0 0 0 0 0 0 0 0 0 0 0 0 0 0 0 0 0 0 0 0 0 0 0 0 0 0 0 0 0 0 0 0 0 0 0 0 0 0 0 0 0 0 0 0 0 0 0 0 0 0 0 0 0 0 0 0 0 0 0 0 0 0 0 0 0 0 0 0 0 0 0 0 0 0 0 0 0 0 0 0 0 0 0 0 0 0 0 0 0 0 0 0 0 0 0 0 0 0 0 0 0 0 0 0 0 0 0 0 0 0 0 0 0 0 0 0 0 0 0 0 0 0 0 0 0 0 0 0 0 0 0 0 0 0 0 0 0 0 0 0 0 0 0 0 0 0 0 0 0 0 0 0 0 0 0 0 0 0 0 0 0 0 0 0 0 0 0 0 0 0 0 0 0 0 0 0 0 0 0 0 0 0 0 0 0 0 0 0 0 0 0 0 0 0 0 0 0 0 0 0 0 0 0 0 0 0 0 0 0 0 0 0 0 0 0 0 0 0 0 0 0 0 0 0 0 0 0 0 0 0 0 0 0 0 0 0 0 0 0 0 0 0 0 0 0 0 0 0 0 0 0 0 0 0 0 0 0 0 0 0 0 0 0 0 0 0 0 0 0 0 0 0 0 0 0 0 0 0 0 0 0 0 0 0 0 0 0 0 0 0 0 0 0 0 0 0 0 0 0 0 0 0 0 0 0 0 0 0 0 0 0 0 0 0 0 0 0 0 0 0 0 0 0 0 0 0 0 0 0 0 0 0 0 0 0 0 0 0 0 0 0 0 0 0 0 0 0 0 0 0 0 0 0 0 0 0 0 0 0 0 0 0 0 0 0 0 0 0 0 0 0 0 0 0 0 0 0 0 0 0 0 0 0 0 0 0 0 0 0 0 0 0 0 0 0 0 0 0 0 0 0 0 0 0 0 0 0 0 0 0 0 0 0 0 0 0 0 0 0 0 0 0 0 0 0 0 0 0 0 0 0 0 0 0 0 0 0 0 0 0 0 0 0 0 0 0 0 0 0 0 0 0 0 0 0 0 0 0 0 0 0 0 0 0 0 0 0 0 0 0 0 0 0 0 0 0 0 0 0 0 0 0 0 0 0 0 0 0 0 0 0 0 0 0 0 0 0 0 0 0 0 0 0 0 0 0 0 0 0 0 0 0 0 0 0 0 0 0 0 0 0 0 0 0 0 0 0 0 0 0 0 0 0 0 0 0 0 0 0 0 0 0 0 0 0 0 0 0 0 0 0 0 0 0 0 0 0 0 0 0 0 0 0 0 0 0 0 0 0 0 0 0 0 0 0 0 0 0 0 0 0 0 0 0 0 0 0 0 0 0 0 0 0 0 0 0 0 0 0 0 0 0 0 0 0 0 0 0 0 0 0 0 0 0 0 0 0 0 0 0 0 0 0 0 0 0 0 0 0 0 0 0 0 0 0 0 0 0 0 0 0 0 0 0 0 0 0 0 0 0 0 0 0 0 0 0 0 0 0 0 0 0 0 0 0 0 0 0 0 0 0 0 0 0 0 0 0 0 0 0 0 0 0 0 0 0 0 0 0 0 0 0 0 0 0 0 0 0 0 0 0 0 0 0 0 0 0 0 0 0 0 0 0 0 0 0 0 0 0 0 0 0 0 0 0 0 0 0 0 0 0 0 0 0 0 0 0 0 0 0 0 0 0 0 0 0 0 0 0 0 0 0 0 0 0 0 0 0 0 0 0 0 0 0 0 0 0 0 0 0 0 0 0 0 0 0 0 0 0 0 0 0 0 0 0 0 0 0 0 0 0 0 0 0 0 0 0 0 0 0 0 0 0 0 0 0 0 0 0 0 0 0 0 0 0 0 0 0 0 0 0 0 0 0 0 0 0 0 0 0 0 0 0 0 0 0 0 0 0 0 0 0 0 0 0 0 0 0 0 0 0 0 0 0 0 0 0 0 0 0 0 0 0 0 0 0 0 0 0 0 0 0 0 0 0 0 0 0 0 0 0 0 0 0 0 0 0 0 0 0 0 0 0 0 0 0 0 0 0 0 0 0 0 0 0 0 0 0 0 0 0 0 0 0 0 0 0 0 0 0 0 0 0 0 0 0 0 0 0 0 0 0 0 0 0 0 0 0 0 0 0 0 0 0 0 0 0 0 0 0 0 0 0 0 0 0 0 0 0 0 0 0 0 0 0 0 0 0 0 0 
